20
3 6
00000110
00010000
00100100
1 2
0110
6 5
0111100
0000110
0110010
0010100
0001100
0110100
4 1
000
000
010
000
5 1
000
010
000
000
000
1 4
000000
2 6
01001010
01001110
1 3
01010
2 3
00010
01100
5 2
0010
0100
0110
0010
0100
3 2
0010
0100
0010
4 1
010
000
010
000
2 6
01010110
00000010
4 5
0010100
0011000
0000010
0011010
6 5
0110100
0000000
0100000
0010010
0000110
0000000
3 1
010
000
010
3 2
0110
0000
0010
1 4
000110
6 6
01011110
01001110
00000110
01010100
00100110
00010010
5 6
01101110
01011110
00111010
01011000
00111110
